"Sample    : nb2o3_1576316lamfi",
"Operator  : ",
"Comment  : micromatter nb2o3 47.3ug/cm2",
"Group     : kerr2007ab13liv300al",
"Date       : 2013-03-07 14:00:09",
"",
"Mesurement Condition",
"------------------------------------------------------------------------------------",
"Instrument : 700HS2   Atmosphere : Vac.   Collimator : 10(mm)   Spin : No",
"------------------------------------------------------------------------------------",
"Analyte               TG kV   uA      FI Acq.(keV)  Anal.(keV)  Time(sec)     DT(%)",
"------------------------------------------------------------------------------------",
"Na                    Rh 50  296-Auto Al  0 - 20    0.8 - 1.2   Live -  179   21",
"",
"<Profile>",
"Channel_info_start",
"Channel : Na",
"Points : 2048",
"Range : 0.000000 - 20.480000",
"Step : 0.010000",
"Channel_info_end",
"0",
"0",
"0",
"0",
"0",
"0",
"0",
"0",
"0",
"0",
"0",
"0",
"0",
"0",
"0",
"0",
"0",
"0",
"0",
"0",
"0",
"0",
"0",
"0",
"0",
"0",
"0",
"0",
"1",
"2",
"28",
"54",
"60",
"68",
"50",
"73",
"83",
"96",
"106",
"110",
"98",
"132",
"115",
"120",
"109",
"114",
"116",
"101",
"82",
"95",
"101",
"103",
"93",
"82",
"79",
"62",
"85",
"72",
"69",
"61",
"86",
"71",
"71",
"59",
"39",
"56",
"82",
"54",
"56",
"48",
"74",
"71",
"65",
"81",
"50",
"78",
"67",
"65",
"68",
"75",
"62",
"72",
"68",
"66",
"54",
"63",
"82",
"61",
"76",
"79",
"65",
"66",
"76",
"72",
"80",
"79",
"64",
"56",
"52",
"64",
"75",
"84",
"68",
"69",
"59",
"66",
"63",
"66",
"63",
"72",
"65",
"71",
"58",
"49",
"72",
"50",
"56",
"57",
"52",
"58",
"60",
"51",
"41",
"46",
"45",
"41",
"52",
"58",
"53",
"50",
"54",
"44",
"44",
"34",
"44",
"60",
"38",
"47",
"40",
"38",
"32",
"51",
"47",
"53",
"57",
"53",
"40",
"50",
"46",
"48",
"48",
"49",
"41",
"47",
"56",
"42",
"53",
"42",
"42",
"43",
"43",
"58",
"37",
"53",
"49",
"68",
"74",
"67",
"75",
"78",
"73",
"73",
"72",
"94",
"91",
"100",
"112",
"123",
"119",
"124",
"141",
"120",
"156",
"213",
"205",
"233",
"264",
"257",
"273",
"347",
"289",
"314",
"316",
"294",
"311",
"308",
"306",
"312",
"285",
"292",
"319",
"306",
"350",
"414",
"427",
"528",
"692",
"847",
"1083",
"1374",
"1661",
"2191",
"2551",
"2927",
"3174",
"3360",
"3407",
"3469",
"3294",
"3308",
"3044",
"2978",
"2687",
"2523",
"2321",
"2188",
"1858",
"1842",
"1646",
"1477",
"1262",
"1186",
"1008",
"909",
"744",
"711",
"573",
"499",
"383",
"340",
"258",
"227",
"179",
"182",
"145",
"134",
"101",
"100",
"100",
"91",
"68",
"78",
"60",
"63",
"54",
"48",
"56",
"51",
"63",
"62",
"63",
"65",
"74",
"91",
"71",
"85",
"73",
"78",
"86",
"84",
"70",
"64",
"52",
"62",
"43",
"50",
"42",
"36",
"30",
"29",
"47",
"36",
"41",
"45",
"28",
"37",
"29",
"34",
"29",
"31",
"31",
"23",
"35",
"24",
"24",
"32",
"23",
"37",
"27",
"29",
"28",
"28",
"30",
"24",
"22",
"23",
"34",
"18",
"29",
"34",
"24",
"34",
"17",
"24",
"30",
"30",
"23",
"25",
"40",
"38",
"32",
"17",
"26",
"34",
"29",
"31",
"30",
"30",
"31",
"35",
"24",
"24",
"26",
"20",
"25",
"31",
"32",
"40",
"23",
"20",
"22",
"27",
"40",
"34",
"35",
"34",
"30",
"40",
"36",
"49",
"43",
"35",
"53",
"66",
"76",
"98",
"125",
"169",
"190",
"244",
"313",
"336",
"391",
"514",
"504",
"571",
"570",
"645",
"599",
"648",
"632",
"586",
"552",
"428",
"365",
"304",
"226",
"227",
"169",
"127",
"106",
"89",
"71",
"68",
"56",
"64",
"58",
"67",
"66",
"62",
"68",
"91",
"70",
"93",
"73",
"98",
"90",
"123",
"93",
"109",
"102",
"115",
"106",
"105",
"97",
"107",
"94",
"60",
"75",
"74",
"53",
"60",
"48",
"44",
"44",
"37",
"35",
"44",
"28",
"46",
"40",
"46",
"32",
"45",
"45",
"49",
"45",
"37",
"47",
"52",
"49",
"59",
"53",
"57",
"72",
"39",
"63",
"60",
"53",
"64",
"50",
"47",
"54",
"63",
"39",
"64",
"45",
"52",
"73",
"63",
"65",
"86",
"63",
"70",
"87",
"66",
"69",
"71",
"51",
"67",
"83",
"74",
"58",
"85",
"62",
"73",
"76",
"66",
"54",
"53",
"58",
"73",
"62",
"86",
"58",
"53",
"76",
"65",
"73",
"49",
"65",
"61",
"62",
"62",
"57",
"43",
"61",
"63",
"48",
"67",
"62",
"45",
"68",
"50",
"48",
"62",
"61",
"52",
"65",
"59",
"53",
"47",
"65",
"62",
"49",
"64",
"53",
"69",
"79",
"63",
"46",
"68",
"56",
"61",
"63",
"62",
"53",
"70",
"63",
"65",
"59",
"60",
"52",
"54",
"72",
"47",
"80",
"64",
"74",
"62",
"66",
"72",
"54",
"71",
"79",
"67",
"66",
"72",
"68",
"83",
"76",
"63",
"72",
"78",
"59",
"73",
"70",
"69",
"84",
"65",
"60",
"68",
"54",
"76",
"62",
"75",
"67",
"80",
"74",
"61",
"70",
"63",
"71",
"66",
"70",
"80",
"58",
"69",
"80",
"67",
"65",
"87",
"90",
"85",
"57",
"76",
"89",
"67",
"74",
"91",
"80",
"75",
"81",
"89",
"75",
"93",
"83",
"79",
"83",
"74",
"78",
"86",
"87",
"79",
"81",
"98",
"76",
"83",
"88",
"84",
"83",
"96",
"87",
"92",
"112",
"102",
"92",
"93",
"105",
"74",
"86",
"83",
"91",
"97",
"87",
"90",
"81",
"91",
"101",
"98",
"101",
"83",
"92",
"110",
"124",
"86",
"87",
"93",
"115",
"100",
"101",
"105",
"96",
"119",
"112",
"126",
"107",
"132",
"114",
"120",
"118",
"132",
"123",
"118",
"95",
"120",
"111",
"120",
"113",
"110",
"114",
"124",
"94",
"107",
"94",
"114",
"119",
"145",
"96",
"112",
"105",
"95",
"93",
"104",
"115",
"105",
"103",
"110",
"110",
"113",
"101",
"117",
"127",
"105",
"114",
"106",
"126",
"111",
"113",
"118",
"133",
"134",
"92",
"109",
"126",
"113",
"111",
"117",
"112",
"128",
"130",
"114",
"116",
"124",
"128",
"127",
"120",
"116",
"131",
"124",
"118",
"123",
"123",
"107",
"140",
"110",
"126",
"124",
"125",
"124",
"114",
"119",
"125",
"127",
"119",
"123",
"123",
"122",
"122",
"123",
"113",
"102",
"114",
"124",
"126",
"112",
"127",
"123",
"128",
"111",
"101",
"122",
"125",
"133",
"122",
"119",
"120",
"125",
"114",
"110",
"123",
"130",
"112",
"108",
"129",
"110",
"134",
"108",
"123",
"116",
"119",
"98",
"137",
"111",
"123",
"110",
"131",
"108",
"125",
"111",
"132",
"96",
"96",
"102",
"108",
"136",
"109",
"115",
"101",
"137",
"103",
"109",
"128",
"126",
"123",
"127",
"127",
"135",
"126",
"122",
"114",
"134",
"116",
"127",
"142",
"144",
"136",
"115",
"140",
"135",
"151",
"128",
"129",
"149",
"128",
"132",
"140",
"157",
"157",
"167",
"157",
"174",
"169",
"155",
"142",
"148",
"149",
"130",
"131",
"139",
"167",
"128",
"137",
"145",
"119",
"152",
"149",
"130",
"106",
"128",
"151",
"135",
"119",
"111",
"113",
"130",
"119",
"90",
"138",
"129",
"138",
"136",
"142",
"133",
"133",
"111",
"129",
"129",
"132",
"119",
"135",
"135",
"138",
"133",
"134",
"158",
"133",
"139",
"126",
"149",
"134",
"140",
"155",
"174",
"144",
"145",
"181",
"183",
"139",
"197",
"197",
"211",
"166",
"194",
"192",
"158",
"170",
"151",
"166",
"158",
"161",
"160",
"168",
"124",
"140",
"137",
"133",
"135",
"120",
"127",
"151",
"106",
"124",
"127",
"117",
"123",
"125",
"101",
"123",
"150",
"122",
"135",
"142",
"112",
"114",
"133",
"112",
"125",
"130",
"128",
"113",
"113",
"129",
"116",
"141",
"129",
"111",
"118",
"129",
"110",
"109",
"124",
"128",
"114",
"132",
"112",
"128",
"115",
"129",
"116",
"134",
"102",
"123",
"102",
"127",
"136",
"114",
"131",
"126",
"100",
"105",
"113",
"130",
"117",
"134",
"137",
"122",
"129",
"108",
"124",
"114",
"102",
"130",
"137",
"130",
"118",
"134",
"116",
"130",
"110",
"113",
"128",
"142",
"105",
"127",
"128",
"117",
"114",
"123",
"128",
"116",
"122",
"116",
"112",
"111",
"117",
"114",
"122",
"117",
"112",
"127",
"114",
"129",
"132",
"133",
"96",
"104",
"130",
"109",
"114",
"123",
"111",
"104",
"103",
"122",
"106",
"110",
"125",
"94",
"111",
"118",
"93",
"124",
"133",
"109",
"122",
"129",
"115",
"110",
"115",
"133",
"100",
"110",
"102",
"106",
"97",
"117",
"126",
"125",
"106",
"97",
"112",
"126",
"108",
"108",
"127",
"112",
"127",
"124",
"100",
"97",
"102",
"105",
"135",
"130",
"128",
"113",
"114",
"120",
"106",
"109",
"116",
"134",
"122",
"114",
"124",
"100",
"117",
"105",
"110",
"110",
"111",
"113",
"102",
"110",
"92",
"111",
"113",
"123",
"118",
"116",
"107",
"111",
"107",
"111",
"123",
"107",
"110",
"116",
"110",
"93",
"104",
"110",
"123",
"111",
"104",
"110",
"118",
"117",
"128",
"120",
"107",
"90",
"116",
"104",
"98",
"107",
"100",
"117",
"110",
"94",
"113",
"111",
"113",
"118",
"109",
"109",
"110",
"110",
"111",
"102",
"111",
"123",
"122",
"106",
"109",
"124",
"127",
"112",
"107",
"117",
"107",
"96",
"129",
"120",
"112",
"119",
"100",
"112",
"98",
"107",
"108",
"116",
"111",
"107",
"92",
"132",
"128",
"87",
"98",
"125",
"92",
"118",
"122",
"100",
"74",
"104",
"109",
"102",
"130",
"107",
"114",
"119",
"118",
"103",
"139",
"116",
"114",
"95",
"96",
"115",
"111",
"110",
"119",
"93",
"94",
"88",
"106",
"107",
"103",
"100",
"108",
"94",
"104",
"97",
"83",
"86",
"104",
"106",
"114",
"110",
"110",
"98",
"109",
"96",
"118",
"107",
"128",
"98",
"94",
"103",
"96",
"92",
"109",
"97",
"108",
"84",
"113",
"101",
"109",
"110",
"91",
"107",
"86",
"86",
"111",
"102",
"114",
"111",
"98",
"103",
"104",
"102",
"101",
"111",
"92",
"104",
"108",
"92",
"85",
"98",
"89",
"91",
"107",
"116",
"89",
"102",
"88",
"95",
"114",
"101",
"112",
"100",
"106",
"96",
"101",
"114",
"106",
"94",
"101",
"104",
"96",
"96",
"118",
"105",
"90",
"120",
"107",
"120",
"105",
"118",
"106",
"103",
"86",
"125",
"93",
"101",
"117",
"94",
"103",
"103",
"102",
"88",
"108",
"93",
"96",
"94",
"95",
"100",
"92",
"105",
"120",
"95",
"98",
"96",
"93",
"122",
"90",
"87",
"110",
"96",
"96",
"87",
"101",
"94",
"100",
"100",
"125",
"105",
"112",
"93",
"102",
"93",
"101",
"113",
"96",
"101",
"110",
"89",
"130",
"108",
"105",
"97",
"97",
"84",
"102",
"88",
"107",
"100",
"108",
"100",
"106",
"93",
"103",
"117",
"92",
"102",
"105",
"104",
"89",
"119",
"92",
"89",
"113",
"110",
"94",
"87",
"102",
"85",
"105",
"84",
"97",
"118",
"116",
"90",
"91",
"78",
"119",
"108",
"100",
"97",
"93",
"81",
"85",
"85",
"124",
"98",
"100",
"100",
"105",
"87",
"95",
"108",
"107",
"111",
"90",
"119",
"107",
"89",
"95",
"90",
"108",
"86",
"105",
"105",
"101",
"91",
"112",
"92",
"109",
"89",
"81",
"91",
"123",
"103",
"87",
"98",
"107",
"103",
"104",
"89",
"92",
"88",
"91",
"91",
"101",
"104",
"101",
"82",
"86",
"94",
"98",
"102",
"85",
"110",
"96",
"86",
"81",
"101",
"96",
"98",
"80",
"87",
"86",
"108",
"111",
"95",
"86",
"95",
"101",
"86",
"97",
"92",
"102",
"90",
"102",
"94",
"105",
"93",
"82",
"97",
"101",
"87",
"79",
"84",
"107",
"72",
"91",
"91",
"80",
"75",
"116",
"94",
"86",
"92",
"93",
"104",
"82",
"100",
"96",
"89",
"85",
"89",
"120",
"89",
"92",
"86",
"95",
"104",
"89",
"72",
"102",
"92",
"90",
"109",
"84",
"103",
"83",
"92",
"88",
"85",
"89",
"75",
"90",
"85",
"69",
"106",
"87",
"84",
"78",
"84",
"101",
"104",
"94",
"85",
"88",
"103",
"74",
"86",
"98",
"102",
"98",
"74",
"94",
"91",
"105",
"102",
"72",
"80",
"97",
"94",
"79",
"108",
"81",
"102",
"86",
"104",
"117",
"93",
"89",
"104",
"75",
"118",
"101",
"101",
"102",
"101",
"73",
"90",
"84",
"90",
"103",
"81",
"90",
"91",
"70",
"89",
"100",
"95",
"91",
"95",
"106",
"92",
"90",
"98",
"93",
"100",
"97",
"88",
"81",
"98",
"102",
"101",
"93",
"78",
"97",
"98",
"102",
"79",
"93",
"102",
"88",
"110",
"82",
"98",
"105",
"94",
"85",
"100",
"97",
"94",
"87",
"91",
"86",
"94",
"92",
"94",
"95",
"106",
"98",
"95",
"105",
"91",
"94",
"101",
"98",
"114",
"105",
"103",
"115",
"95",
"84",
"97",
"108",
"89",
"101",
"104",
"115",
"98",
"87",
"105",
"91",
"109",
"92",
"106",
"111",
"109",
"95",
"103",
"112",
"117",
"97",
"110",
"107",
"84",
"103",
"110",
"93",
"98",
"116",
"132",
"117",
"104",
"115",
"122",
"115",
"132",
"112",
"124",
"122",
"98",
"114",
"116",
"152",
"104",
"136",
"141",
"114",
"146",
"135",
"148",
"153",
"141",
"131",
"150",
"132",
"142",
"153",
"162",
"162",
"161",
"191",
"186",
"203",
"226",
"229",
"252",
"285",
"302",
"350",
"434",
"509",
"576",
"671",
"831",
"968",
"1224",
"1390",
"1707",
"2091",
"2329",
"2626",
"3389",
"3913",
"4303",
"4897",
"5743",
"6405",
"7061",
"8074",
"9149",
"10048",
"10639",
"11432",
"12828",
"13507",
"13992",
"14996",
"16347",
"16846",
"16846",
"17485",
"18515",
"18233",
"18241",
"18074",
"18817",
"18314",
"17656",
"16913",
"17137",
"16191",
"15234",
"15019",
"14312",
"12949",
"11740",
"10723",
"9903",
"9191",
"8069",
"7324",
"6523",
"5800",
"4846",
"4178",
"3749",
"3227",
"2500",
"2268",
"1817",
"1616",
"1229",
"1068",
"926",
"736",
"552",
"469",
"420",
"313",
"285",
"232",
"214",
"197",
"157",
"140",
"156",
"122",
"123",
"144",
"112",
"126",
"110",
"115",
"112",
"104",
"116",
"97",
"91",
"96",
"127",
"83",
"98",
"79",
"106",
"85",
"104",
"83",
"102",
"88",
"108",
"97",
"92",
"86",
"102",
"94",
"93",
"112",
"102",
"84",
"103",
"96",
"85",
"71",
"80",
"91",
"100",
"102",
"91",
"83",
"97",
"88",
"83",
"76",
"88",
"79",
"75",
"74",
"102",
"110",
"81",
"86",
"87",
"89",
"74",
"78",
"69",
"78",
"92",
"90",
"101",
"93",
"84",
"64",
"104",
"83",
"79",
"92",
"109",
"88",
"97",
"100",
"94",
"91",
"93",
"104",
"102",
"83",
"93",
"79",
"88",
"62",
"91",
"76",
"92",
"105",
"94",
"95",
"102",
"115",
"113",
"102",
"107",
"90",
"101",
"83",
"102",
"116",
"110",
"119",
"106",
"102",
"91",
"119",
"117",
"119",
"116",
"128",
"109",
"123",
"108",
"114",
"129",
"117",
"116",
"122",
"137",
"129",
"134",
"149",
"114",
"149",
"199",
"153",
"204",
"207",
"227",
"251",
"261",
"278",
"299",
"367",
"389",
"457",
"523",
"596",
"712",
"767",
"857",
"1039",
"1112",
"1243",
"1351",
"1490",
"1702",
"1888",
"1963",
"2069",
"2329",
"2496",
"2566",
"2623",
"2897",
"2911",
"3008",
"2942",
"3252",
"3079",
"3065",
"2990",
"3105",
"3032",
"2901",
"2909",
"2798",
"2692",
"2534",
"2381",
"2359",
"2113",
"2008",
"1886",
"1725",
"1629",
"1495",
"1380",
"1395",
"1213",
"1173",
"1016",
"1029",
"979",
"952",
"908",
"907",
"885",
"897",
"811",
"854",
"845",
"769",
"783",
"881",
"780",
"811",
"768",
"822",
"719",
"761",
"726",
"783",
"740",
"692",
"687",
"693",
"720",
"642",
"608",
"613",
"585",
"528",
"537",
"553",
"556",
"478",
"505",
"522",
"552",
"473",
"456",
"514",
"447",
"437",
"434",
"433",
"413",
"394",
"385",
"397",
"415",
"387",
"388",
"367",
"359",
"325",
"309",
"363",
"326",
"293",
"317",
"295",
"323",
"264",
"265",
"246",
"273",
"228",
"241",
"218",
"221",
"195",
"215",
"227",
"172",
"182",
"180",
"155",
"161",
"137",
"164",
"147",
"152",
"128",
"131",
"128",
"117",
"116",
"109",
"113",
"115",
"107",
"92",
"101",
"107",
"100",
"82",
"95",
"95",
"92",
"94",
"118",
"102",
"94",
"80",
"131",
"115",
"97",
"114",
"120",
"100",
"122",
"119",
"157",
"139",
"160",
"153",
"151",
"170",
"166",
"142",
"188",
"176",
"201",
"192",
"204",
"203",
"219",
"196",
"236",
"218",
"198",
"211",
"220",
"227",
"178",
"183",
"200",
"169",
"160",
"182",
"164",
"166",
"144",
"124",
"112",
"126",
"122",
"109",
"109",
"120",
"102",
"95",
"88",
"102",
"74",
"69",
"70",
"89",
"67",
"70",
"76",
"57",
"51",
"58",
"59",
"71",
"48",
"33585",
"Channel_info_start",
"Channel : Mg",
"Points : 0",
"Range : 0.000000 - 0.000000",
"Step : 0.010000",
"Channel_info_end",
"Channel_info_start",
"Channel : Al",
"Points : 0",
"Range : 0.000000 - 0.000000",
"Step : 0.010000",
"Channel_info_end",
"Channel_info_start",
"Channel : Si",
"Points : 0",
"Range : 0.000000 - 0.000000",
"Step : 0.010000",
"Channel_info_end",
"Channel_info_start",
"Channel : P ",
"Points : 0",
"Range : 0.000000 - 0.000000",
"Step : 0.010000",
"Channel_info_end",
"Channel_info_start",
"Channel : S ",
"Points : 0",
"Range : 0.000000 - 0.000000",
"Step : 0.010000",
"Channel_info_end",
"Channel_info_start",
"Channel : Cl",
"Points : 0",
"Range : 0.000000 - 0.000000",
"Step : 0.010000",
"Channel_info_end",
"Channel_info_start",
"Channel : K ",
"Points : 0",
"Range : 0.000000 - 0.000000",
"Step : 0.010000",
"Channel_info_end",
"Channel_info_start",
"Channel : Ca",
"Points : 0",
"Range : 0.000000 - 0.000000",
"Step : 0.010000",
"Channel_info_end",
"Channel_info_start",
"Channel : Ti",
"Points : 0",
"Range : 0.000000 - 0.000000",
"Step : 0.010000",
"Channel_info_end",
"Channel_info_start",
"Channel : V ",
"Points : 0",
"Range : 0.000000 - 0.000000",
"Step : 0.010000",
"Channel_info_end",
"Channel_info_start",
"Channel : Cr",
"Points : 0",
"Range : 0.000000 - 0.000000",
"Step : 0.010000",
"Channel_info_end",
"Channel_info_start",
"Channel : Mn",
"Points : 0",
"Range : 0.000000 - 0.000000",
"Step : 0.010000",
"Channel_info_end",
"Channel_info_start",
"Channel : Fe",
"Points : 0",
"Range : 0.000000 - 0.000000",
"Step : 0.010000",
"Channel_info_end",
"Channel_info_start",
"Channel : Cu",
"Points : 0",
"Range : 0.000000 - 0.000000",
"Step : 0.010000",
"Channel_info_end",
"Channel_info_start",
"Channel : Zn",
"Points : 0",
"Range : 0.000000 - 0.000000",
"Step : 0.010000",
"Channel_info_end",
"Channel_info_start",
"Channel : Sr",
"Points : 0",
"Range : 0.000000 - 0.000000",
"Step : 0.010000",
"Channel_info_end",
"Channel_info_start",
"Channel : Pb",
"Points : 0",
"Range : 0.000000 - 0.000000",
"Step : 0.010000",
"Channel_info_end",
"",
"Qualitative Result",
"--------------------------------------------------------------------------------",
"Element :  Sc, Nb, Ca",
"",
"Peak List",
"--------------------------------------------------------------------------------",
"Channel               Line        keV     Net Int.(cps/uA)",
"--------------------------------------------------------------------------------",
"Na                    ScLa         0.42     0.013",
"                      ----         1.89     0.052",
"                      NbLa         2.16     0.764",
"                      CaKa         3.68     0.155",
"                      CaKb         4.02     0.019",
"                      NbKa        16.53     7.345",
"                      NbKb        18.56     1.174",
"                      ----        18.95     0.164",
"                      ----        19.95     0.029",
"--------------------------------------------------------------------------------",
"",
"Quantitative Result",
"--------------------------------------------------------------------------------",
"Analyte               Result             Std.Dev. Proc.-Calc. Line Intensity(cps/uA)",
"--------------------------------------------------------------------------------",
"====[No. 1 Layer]====< Layer1               >===============================",
"Layer1                   0.000 ug/cm2    -------- Flux       -------- --------",
